                SP.volfeed = 1
                                SP.M = 20
                                                SP.k = 1.660000e+00
                                                                SP.korrk = 4.300000e-04
                                                                                => simulation 0
